24.9999999956809	-0.000200763524111184	-3.78615095691152e-09	-0.000176042526048642	0
24.9999998449966	-0.00119897933457452	-1.36264212404987e-07	-0.00105582261658154	0
24.9999959258079	-0.00605254936747399	-3.63255060914176e-06	-0.00544397320001823	0
24.9999043625960	-0.0271791500700625	-9.13758349497365e-05	-0.0271234830299531	0
24.9991754903605	-0.0653537174045690	-0.000944410018264268	-0.0856930508302745	0
24.9977624966035	-0.0868371441972021	-0.00311931753964123	-0.152736956929822	0
24.9957707564647	-0.0960612612288037	-0.00722719592610312	-0.227499588432031	0
24.9933054426527	-0.0983605255786265	-0.0140171859877532	-0.309222787309953	0
24.9903645078404	-0.0981682781006152	-0.0246209720504534	-0.398541996509397	0
24.9868034243145	-0.0987182398440741	-0.0408732193053687	-0.496805797543064	0
24.9822430653767	-0.102860985297004	-0.0659617544530330	-0.605984171692314	0
24.9757860004454	-0.114448130270933	-0.105931560616871	-0.728673561726082	0
24.9652725138075	-0.140564521460169	-0.172353860241295	-0.865456992110547	0
24.9469741026637	-0.189922670141450	-0.276776394997405	-0.999258734522799	0
24.9305554082787	-0.231892664690324	-0.357424093631011	-1.06589679089720	0
24.9106811898649	-0.278379237261197	-0.442558302648138	-1.11491445893606	0
24.8832632419458	-0.335759120930885	-0.544035560344045	-1.15352422455682	0
24.8481141628252	-0.400473595873773	-0.655493096128280	-1.17824980080866	0
24.8105301047486	-0.461647757864903	-0.758719241249770	-1.18904869260905	0
24.7739964651749	-0.515364226432442	-0.847727476075960	-1.19118725428359	0
24.7349073796275	-0.567672818287193	-0.933615476718680	-1.18817947051333	0
24.6859802591808	-0.627099498155602	-1.03060371546617	-1.17985013022524	0
24.6237009563497	-0.695122405812579	-1.14105071266226	-1.16511485243172	0
24.5557703250762	-0.761688691522210	-1.24877143618955	-1.14630493671071	0
24.4930225360857	-0.818121537537897	-1.33903703994365	-1.12772645465509	0
24.4339519877782	-0.867522710194188	-1.41742456055804	-1.10979489621675	0
24.3672692754215	-0.919148957007366	-1.49949194391659	-1.08943082927627	0
24.2829824473630	-0.979229868532337	-1.59507577756059	-1.06388978015026	0
24.1850473988739	-1.04289008264802	-1.69665947540690	-1.03482864575254	0
24.0920564366216	-1.09861081640835	-1.78528641913687	-1.00803072961109	0
24.0111471320889	-1.14462561688594	-1.85714664055171	-0.985410856336541	0
23.9302227845491	-1.18777635177848	-1.92474595024000	-0.963430723174924	0
23.8320024488877	-1.23664839083329	-2.00174430765390	-0.937602379497389	0
23.7111337841425	-1.29230606599343	-2.08986747423644	-0.907048862996120	0
23.5867388823231	-1.34499933021619	-2.17393535763680	-0.876937152870364	0
23.4799739863482	-1.38823942772242	-2.24141939789362	-0.852118578063421	0
23.3846994817305	-1.42515765493249	-2.29838678512834	-0.830713282097818	0
23.2788468172784	-1.46356608744077	-2.35840987024807	-0.807684918621190	0
23.1459360713933	-1.50866015771316	-2.42937693760062	-0.779822593339776	0
22.9949820271469	-1.55590672499557	-2.50465323642342	-0.749484924709320	0
22.8581601933546	-1.59614054663076	-2.56850810101453	-0.723101024756893	0
22.7445882857305	-1.62909389565230	-2.61866083504660	-0.701964630317436	0
22.6331854329155	-1.65948851752875	-2.66552607829182	-0.681833663285640	0
22.4976301749341	-1.69410610445154	-2.71967412296715	-0.658090467421138	0
22.3314871452037	-1.73353648969310	-2.78208221135181	-0.630040711820228	0
22.1646395667903	-1.76989407509671	-2.84074330042851	-0.602943944374883	0
22.0267710219071	-1.79966745423162	-2.88644512882370	-0.581339046635960	0
21.9068001718896	-1.82484273866121	-2.92431151290775	-0.563070536085569	0
21.7735141245602	-1.85075408101818	-2.96442259713789	-0.543298240221724	0
21.6055468857414	-1.88120207619545	-3.01222540020058	-0.519132222683265	0
21.4163565832880	-1.91249449349731	-3.06265511059635	-0.492845161789697	0
21.2830042537557	-1.93488713071122	-3.09618413663564	-0.474911309460538	0
21.1481752500069	-1.95597133716130	-3.12847814957533	-0.457217484163258	0
20.9778568101939	-1.98067006210461	-3.16708969532757	-0.435467201558011	0
20.7775066907338	-2.00706264276561	-3.20957520990117	-0.410689922294604	0
20.6333790418302	-2.02621001377790	-3.23829813326209	-0.393409805561156	0
20.4879502954131	-2.04422533794279	-3.26579507614582	-0.376384857930111	0
20.3097704215706	-2.06455358874649	-3.29754872842063	-0.356061383198535	0
20.1065494066576	-2.08544269971348	-3.33129802121129	-0.333563444236542	0
19.9203191385310	-2.10309209604270	-3.36004271556427	-0.313561017274012	0
19.7682613289607	-2.11843309137379	-3.38204617272392	-0.297680629002200	0
19.6256246654698	-2.13174370298945	-3.40153211995125	-0.283103692499737	0
19.4579799758836	-2.14576287440972	-3.42306096077591	-0.266344664593949	0
19.2535852907703	-2.16107863418296	-3.44738647927170	-0.246445000725079	0
19.0447443442126	-2.17449408388849	-3.47015697464857	-0.226684477389181	0
18.8713243108337	-2.18610665684399	-3.48753874380415	-0.210736605279837	0
18.7248578708626	-2.19622348717322	-3.50118037297034	-0.197580934116796	0
18.5689400317629	-2.20539003736042	-3.51468834317540	-0.183844534435493	0
18.3756899603285	-2.21528901409261	-3.53002935758162	-0.167204852421403	0
18.1553668533680	-2.22455060265714	-3.54569717035779	-0.148733315697609	0
17.9972117709372	-2.23201276482245	-3.55579190575163	-0.135831205861882	0
17.8385938217785	-2.23845897972423	-3.56497837154147	-0.123148389808880	0
17.6448484901255	-2.24497348926470	-3.57496319363434	-0.107995850883668	0
17.4242726673974	-2.25057797540831	-3.58472958649937	-0.0911830762936771	0
17.2231943135720	-2.25460472475337	-3.59219719461933	-0.0762600718106202	0
17.0606589646393	-2.25930580418111	-3.59726373776744	-0.0645135447552447	0
16.9097199592071	-2.26282892114221	-3.60121192514323	-0.0538125126810068	0
16.7331754652275	-2.26555314629884	-3.60492744235380	-0.0415356601370519	0
16.5183128067280	-2.26747394349502	-3.60817071399535	-0.0269451854192027	0
16.2991881272642	-2.26756014456687	-3.61007311204327	-0.0124442783284925	0
16.1183190944348	-2.26845513615294	-3.61060245607323	-0.000799765735363389	0
15.9669699858437	-2.26982372646194	-3.61033851600670	0.00872247596692348	0
15.8070206369577	-2.26982317352528	-3.60937492665150	0.0186117910528630	0
15.6093514297147	-2.26862089086148	-3.60723160941958	0.0305749903042772	0
15.3841589280821	-2.26557262025710	-3.60353595795641	0.0438658848831032	0
15.2231519286263	-2.26443124973213	-3.60009053182486	0.0531099405027285	0
15.0622869685632	-2.26243990237164	-3.59599415469348	0.0621690352708688	0
14.8669535030498	-2.25889699930045	-3.59015718684442	0.0729359875828806	0
14.6460383187997	-2.25338620636070	-3.58243772718829	0.0848117348303868	0
14.4455496239628	-2.24759425147736	-3.57442453784471	0.0953066762196446	0
14.2837425497215	-2.24451452281803	-3.56726742457041	0.103540594962760	0
14.1337240118440	-2.24095881902201	-3.56009255027098	0.111028828225647	0
13.9590117926455	-2.23559585308801	-3.55109272433234	0.119583212026634	0
13.7476350542834	-2.22794621900064	-3.53929094841931	0.129685340039327	0
13.5332167934579	-2.21858659527165	-3.52631488142607	0.139667094867590	0
13.3566716217951	-2.21187432439524	-3.51487854973117	0.147643093485420	0
13.2090764613227	-2.20698159110338	-3.50480264632927	0.154144318363113	0
13.0534921122460	-2.20051478887338	-3.49368382612786	0.160876119683481	0
12.8621249521481	-2.19152847677757	-3.47931374178558	0.168971096254701	0
12.6453061947952	-2.17988959244625	-3.46211902696190	0.177901096328506	0
12.4905672250739	-2.17275112732900	-3.44925564219469	0.184075639216671	0
12.3363916617733	-2.16490059768495	-3.43595809335951	0.190099892213256	0
12.1498445224128	-2.15442307442302	-3.41923267580968	0.197220139889257	0
11.9396254874882	-2.14130016276272	-3.39955896638471	0.205025419036879	0
11.7494197085316	-2.12879779526264	-3.38100996955940	0.211878455485806	0
11.5962847703564	-2.12042549453221	-3.36555762385503	0.217208506489439	0
11.4546639778660	-2.11207658764213	-3.35086410936774	0.222030459587891	0
11.2902344253872	-2.10126834765153	-3.33332271132110	0.227508580475336	0
11.0919586792876	-2.08722036939656	-3.31148554469716	0.233931571508236	0
10.8914566183304	-2.07157533206728	-3.28864799077540	0.240231603178088	0
10.7267827553869	-2.05982466960257	-3.26931956039457	0.245214592206355	0
10.5894161587108	-2.05081939538983	-3.25280343201627	0.249239012919845	0
10.4449813927411	-2.04012480670631	-3.23506068114436	0.253383289776552	0
10.2678479971941	-2.02608400316593	-3.21277330026987	0.258327827565630	0
10.0677727455876	-2.00890712826494	-3.18690325794676	0.263732784290952	0
9.92527732951607	-1.99792179212455	-3.16802180318275	0.267422122517779	0
9.78361492741348	-1.98633742266588	-3.14888157792261	0.270993732757809	0
9.61269175241528	-1.97147691297535	-3.12529913747124	0.275175858573993	0
9.42067151476138	-1.95358850942701	-3.09816998457956	0.279709547115812	0
9.24739412895139	-1.93692517561285	-3.07311004331996	0.283639593531839	0
9.10816812442813	-1.92529225813193	-3.05256837382260	0.286641982693663	0
8.97964930549745	-1.91400913504567	-3.03329315734403	0.289331499327856	0
8.83078474609859	-1.89989697046032	-3.01059230453312	0.292356696271995	0
8.65178543219387	-1.88200962579311	-2.98276183559019	0.295854287845691	0
8.47128858459047	-1.86264061987737	-2.95410884885540	0.299232959157884	0
8.32337885873119	-1.84793794933035	-2.93017711275625	0.301844504308751	0
8.20021159238936	-1.83654062905197	-2.90993722383418	0.303910066383622	0
8.07095336462790	-1.82341043382091	-2.88840060833993	0.306013419356530	0
7.91282066574051	-1.80649443482954	-2.86163658378768	0.308480235361624	0
7.73470799950776	-1.78621722521141	-2.83094107324903	0.311120193543800	0
7.60811009460355	-1.77310807418088	-2.80875791795836	0.312862348280887	0
7.48249316009673	-1.75948744066094	-2.78645337016240	0.314516320352614	0
7.33127072385764	-1.74227162578441	-2.75921336303427	0.316408506141325	0
7.16180929589338	-1.72186808488806	-2.72818095522598	0.318400837562450	0
7.00925308283845	-1.70305054404931	-2.69978063381314	0.320065998807637	0
6.88692404153009	-1.68976161703683	-2.67667724275042	0.321267542879770	0
6.77420404414568	-1.67701388403000	-2.65513688255983	0.322310125576425	0
6.64389868296629	-1.66128366873292	-2.62993557064064	0.323446131982231	0
6.48758053855854	-1.64156103511083	-2.59927259413313	0.324698272880190	0
6.33033894808343	-1.62046218258814	-2.56795259702879	0.325841905926882	0
6.20176636565669	-1.60442779945531	-2.54197345268983	0.326643295678602	0
6.09489514298149	-1.59198113660206	-2.52012376250529	0.327216181689616	0
5.98293653083480	-1.57781180297374	-2.49699447386475	0.327767889745129	0
5.84625361209141	-1.55971087148312	-2.46841833261090	0.328356945779720	0
5.69266883652843	-1.53821235910501	-2.43586011903501	0.328909073452358	0
5.58372709030338	-1.52430387841305	-2.41246295785419	0.329184314119697	0
5.47582085222854	-1.50994990752009	-2.38904778636265	0.329397217526116	0
5.34618369003875	-1.49193170425112	-2.36059777226703	0.329573792303268	0
5.20124905679179	-1.47073329198260	-2.32837367656027	0.329668671582733	0
5.07107056275795	-1.45129332379185	-2.29904717190732	0.329648316326403	0
4.96689239797084	-1.43756668794829	-2.27530048347576	0.329513357472477	0
4.87105870115503	-1.42446667897793	-2.25324727946705	0.329336828607614	0
4.76047634904051	-1.40839177668157	-2.22755151525107	0.329078569765472	0
4.62810831269417	-1.38834430656375	-2.19643541860721	0.328679397302185	0
4.49527061574917	-1.36701648220656	-2.16481311821002	0.328185623580488	0
4.38688764761755	-1.35086590640990	-2.13870017468551	0.327665365848722	0
4.29695949182814	-1.33837142232205	-2.11681721477441	0.327151548981148	0
4.20290735154538	-1.32420190259693	-2.09373112098591	0.326576974564744	0
4.08831306214224	-1.30617070201507	-2.06531818547113	0.325807871876005	0
3.95984693489553	-1.28484294760567	-2.03308903039371	0.324856217474433	0
3.86891362431345	-1.27111333646125	-2.01001707517196	0.324078674730057	0
3.77900143865824	-1.25698547810423	-1.98700119188940	0.323260717120128	0
3.67119418950131	-1.23930444006296	-1.95913439401061	0.322214701043212	0
3.55093957044097	-1.21856825980043	-1.92769687718835	0.320963445495553	0
3.44317631539831	-1.19962048454748	-1.89919843526138	0.319752718148349	0
3.35711493882738	-1.18634013761888	-1.87619824419648	0.318677573214837	0
3.27808218774427	-1.17369310023210	-1.85489844371264	0.317646475887580	0
3.18705090878265	-1.15819230972330	-1.83015314387344	0.316414675398316	0
3.07832210036015	-1.13890525224506	-1.80029041394960	0.314867932124283	0
2.96946579078294	-1.11842154280193	-1.77005353542713	0.313242278749679	0
2.88085104897319	-1.10302005448711	-1.74516695497503	0.311812921228002	0
2.80746476651676	-1.09118893266348	-1.72436795248958	0.310554759225437	0
2.73084368942922	-1.07775476208572	-1.70248087502965	0.309211930461861	0
2.63767548838249	-1.06067784880496	-1.67562100071567	0.307520970489352	0
2.53347654708991	-1.04049710431240	-1.64525476619134	0.305554691881954	0
2.45988726009054	-1.02762907036624	-1.62358028299942	0.304070714092364	0
2.38725671029771	-1.01439448509513	-1.60201146538220	0.302564351941355	0
2.30034832451739	-0.997839780971122	-1.57596708833781	0.300706393537940	0
2.20363686556427	-0.978432186886525	-1.54667641748987	0.298567073434655	0
2.11718347812107	-0.960740753081235	-1.52020565692493	0.296576481818037	0
2.04829692835998	-0.948509344274272	-1.49889742124605	0.294889179963895	0
1.98515203511830	-0.936861791391892	-1.47920846442052	0.293304747579596	0
1.91255963137178	-0.922555970711717	-1.45638761381568	0.291446352840332	0
1.82605562603368	-0.904758781167615	-1.42892237298693	0.289166455467956	0
1.73967144084588	-0.885836157009470	-1.40119537968883	0.286823796361971	0
1.66952725334171	-0.871758221228869	-1.37843563148289	0.284823228493363	0
1.61156030220630	-0.861059786872690	-1.35945599028141	0.283100660374484	0
1.55114989323393	-0.848843917554425	-1.33952469423601	0.281281798295550	0
1.47785456537180	-0.833298758200738	-1.31512253862332	0.279024307431074	0
1.39609484218816	-0.814897944640198	-1.28761055071160	0.276440781676974	0
1.33850164694934	-0.803330934632744	-1.26802149129001	0.274531182005524	0
1.28177399355584	-0.791416463159066	-1.24856785268458	0.272613561787891	0
1.21404882770742	-0.776489515909128	-1.22513053637733	0.270275276897960	0
1.13888588462549	-0.758956336507031	-1.19884060517588	0.267616889555758	0
1.07188227842427	-0.742998341202095	-1.17514369058665	0.265176323361000	0
1.01863458090289	-0.732189105737666	-1.15611067246829	0.263139942024787	0
0.969927128861867	-0.721877112542965	-1.13855767673371	0.261243322982738	0
0.914053818406228	-0.709145101637420	-1.11825306335219	0.259035518276556	0
0.847650064285360	-0.693278578879022	-1.09387360283179	0.256352756708086	0
0.781533709436861	-0.676345392656979	-1.06932514298360	0.253622882664316	0
0.728007216643387	-0.663930434525559	-1.04922167965493	0.251319071102351	0
0.683884719359923	-0.654639385639113	-1.03248960398788	0.249353672534423	0
0.638001090961166	-0.643921877911783	-1.01495056069185	0.247289629750004	0
0.582474501132841	-0.630239590690185	-0.993521909064714	0.244745675246056	0
0.520725938611902	-0.613976532080029	-0.969421228630903	0.241857272082028	0
0.477365492552170	-0.603955584708415	-0.952298768246775	0.239742272448909	0
0.434760316757164	-0.593596396758786	-0.935325941710123	0.237630294217749	0
0.384034071442654	-0.580569633942539	-0.914918958583952	0.235070609708332	0
0.327918674711314	-0.565202300074567	-0.892082200461129	0.232180487362935	0
0.278065001461728	-0.551227669717065	-0.871546781191753	0.229546117949470	0
0.238577943790081	-0.542032673802967	-0.855086504858493	0.227364457988683	0
0.202550893010545	-0.533226393570983	-0.839932866611053	0.225342070385206	0
0.161333857197573	-0.522256586634619	-0.822435860969443	0.222998649892640	0
0.112510499891331	-0.508534962622657	-0.801473098164953	0.220167093662383	0
0.0640773482281190	-0.493793715305541	-0.780415531504011	0.217302930159606	0
0.0250168689233246	-0.483197761389902	-0.763208576828701	0.214900813298926	0
-0.00707616764915180	-0.475437191297522	-0.748913266992573	0.212861644141336	0
-0.0403596461616572	-0.466340347527083	-0.733954202414320	0.210728161058355	0
-0.0805052199211447	-0.454660954690832	-0.715713544447174	0.208110391064586	0
-0.124972654111114	-0.440680716747218	-0.695245789227836	0.205153545395870	0
-0.156068151568098	-0.432300969943256	-0.680734810249713	0.202999352891997	0
-0.186525151652924	-0.423584757053079	-0.666375962300546	0.200856314556788	0
-0.222657905128731	-0.412554802430586	-0.649145490188482	0.198269630549652	0
-0.262458775450264	-0.399449961285440	-0.629907343531426	0.195362792826373	0
-0.297657347655246	-0.387535195487155	-0.612647753369425	0.192725673884282	0
-0.325408958053893	-0.380008637411966	-0.598840541479693	0.190550281531534	0
-0.350640437207741	-0.372752261412201	-0.586151204984917	0.188540385846135	0
-0.379402242414986	-0.363588795194019	-0.571525910693039	0.186219477402649	0
-0.413317423001390	-0.352055144774812	-0.554041141804319	0.183426416643511	0
-0.446790613031605	-0.339538239446619	-0.536518881221394	0.180613709965675	0
-0.473639365861972	-0.330779646536274	-0.522231851481826	0.178263261595489	0
-0.495595818829228	-0.324559194921544	-0.510383865944239	0.176273669515762	0
-0.518279857095899	-0.317087542925679	-0.498007056875456	0.174198601545525	0
-0.545511958043793	-0.307408785712266	-0.482944865908892	0.171661206293356	0
-0.575504049436221	-0.295698531284500	-0.466083060647802	0.168806666128855	0
-0.596347455136207	-0.288944252870898	-0.454153935735911	0.166732860155314	0
-0.616667827122689	-0.281849927399707	-0.442371023412564	0.164675871198416	0
-0.640647318520308	-0.272784123237981	-0.428259782343393	0.162201097998803	0
-0.666892690130294	-0.261895704139785	-0.412541103320169	0.159430524412665	0
-0.689942752981003	-0.251990724837513	-0.398472510585635	0.156925971931776	0
-0.707985580675522	-0.246086526868446	-0.387240956362187	0.154863753700061	0
-0.724301307268358	-0.240332895095516	-0.376937179209241	0.152963541016703	0
-0.742795360709768	-0.232915605406021	-0.365083656886304	0.150775885823366	0
-0.764447257432094	-0.223489715858267	-0.350944298668220	0.148151887089716	0
-0.785644085310514	-0.213107557134628	-0.336809919928858	0.145519455963273	0
-0.802493926337460	-0.206106354441635	-0.325311653864948	0.143324173342635	0
-0.816165953789140	-0.201354909783154	-0.315794632917854	0.141468921981082	0
-0.830202416321579	-0.195429421746145	-0.305871034622422	0.139539774854834	0
-0.846920242676242	-0.187648483187194	-0.293819761436956	0.137187782364900	0
-0.865154483252856	-0.178084293562632	-0.280362396464947	0.134551182140254	0
-0.877688663267081	-0.172862110470075	-0.270863533782822	0.132638301688086	0
-0.889808504760029	-0.167292692295615	-0.261499310396604	0.130745867015040	0
-0.903976140222073	-0.160068560886445	-0.250308963060686	0.128475626303817	0
-0.919303903870105	-0.151251837499886	-0.237875701074215	0.125942661134493	0
-0.932593575348170	-0.143219534847854	-0.226776644070168	0.123659708631606	0
-0.942852766414141	-0.138823009102555	-0.217935663826382	0.121780578175776	0
-0.952033871349586	-0.134462720824675	-0.209841033626904	0.120053264663473	0
-0.962327369925456	-0.128660693587346	-0.200548338062508	0.118070473821830	0
-0.974207753912634	-0.121179176428176	-0.189491332812737	0.115699364041784	0
-0.985648035862827	-0.112760374581898	-0.178469129793749	0.113329231434809	0
-0.994570483441170	-0.107371066749523	-0.169525732810910	0.111354491759060	0
-1.00168769961665	-0.103963988437206	-0.162139411885771	0.109686756996553	0
-1.00889511573171	-0.0994505213237915	-0.154453600941576	0.107958060886662	0
-1.01732812745484	-0.0933986384900410	-0.145142367308268	0.105856401752144	0
-1.02632208251937	-0.0857842647207605	-0.134774631170822	0.103508530618757	0
-1.03234207596071	-0.0819505963936585	-0.127475817010824	0.101805417623172	0
-1.03804613768432	-0.0777603171107087	-0.120296653427962	0.100124756380316	0
-1.04455494899675	-0.0721980256946951	-0.111739092847462	0.0981142330391726	0
-1.05138384489082	-0.0652457883345068	-0.102259432789124	0.0958785595084989	0
-1.05709660219863	-0.0588944097675790	-0.0938229827609800	0.0938689896605205	0
-1.06132806579365	-0.0558481299099720	-0.0871206745345304	0.0922131499234718	0
-1.06499572912150	-0.0527332843541238	-0.0809986027588013	0.0906947152042376	0
-1.06896617717806	-0.0483721714339506	-0.0739879216104050	0.0889570909698003	0
-1.07333242437449	-0.0426210530569090	-0.0656712028947666	0.0868853860613000	0
-1.07729262052350	-0.0359450143549042	-0.0574086517374907	0.0848223155211827	0
-1.08015441471825	-0.0319831071914771	-0.0507253761607041	0.0831032172106405	0
-1.08227221336468	-0.0297641895402954	-0.0452202600726310	0.0816511353580108	0
-1.08428276049035	-0.0264963925709034	-0.0395065983347229	0.0801513303913389	0
-1.08642752827725	-0.0219666815141591	-0.0326051214412170	0.0783332798714494	0
-1.08842994712963	-0.0160646252133577	-0.0249479624104163	0.0763096158781349	0
-1.08953537914043	-0.0134476332115758	-0.0195750042559192	0.0748402146100767	0
-1.09041102804680	-0.0104635810060540	-0.0143050497823015	0.0733940213982569	0
-1.09117183903698	-0.00635181425654849	-0.00804322977316790	0.0716691205483035	0
-1.09164318623574	-0.00102312594665946	-0.00113297044877019	0.0697579256025475	0
-1.09170725000445	0.00386804246837921	0.00499274441342138	0.0680445449913238	0
-1.09145831359441	0.00574377537497054	0.00984281293603660	0.0666291437030576	0
-1.09103851881816	0.00778083487160208	0.0142595198834126	0.0653344764750012	0
-1.09033421632162	0.0108972913740068	0.0193009105375043	0.0638581301175088	0
-1.08916365622250	0.0151569503577032	0.0252580053171072	0.0621035937617752	0
-1.08763287556860	0.0203344741987294	0.0311499457545334	0.0603637217218674	0
-1.08606142422116	0.0230717335408611	0.0358959907677736	0.0589121642392589	0
-1.08453323597102	0.0242731251737385	0.0397916053513688	0.0576847319033471	0
-1.08276466096912	0.0264759737408814	0.0438208438962580	0.0564223598914947	0
-1.08035196602566	0.0297069018805962	0.0486681674790841	0.0548971125718420	0
-1.07730763436073	0.0341513096613456	0.0540200771111819	0.0532063549375732	0
-1.07487893634374	0.0357347627789416	0.0577586153256639	0.0519757823971646	0
-1.07229357218088	0.0376959560029563	0.0614111277373406	0.0507682517683304	0
-1.06894916250126	0.0405800973614557	0.0657318273788102	0.0493328515060807	0
-1.06489966161934	0.0445378476345150	0.0704745148261016	0.0477489543711603	0
-1.06096509594465	0.0481988447103619	0.0746553629051382	0.0463329141743651	0
-1.05755722278390	0.0490903959526462	0.0779495632805980	0.0451579192463295	0
-1.05426569837645	0.0502228211485418	0.0809362341657978	0.0440862325003652	0
-1.05028938224105	0.0522964515252758	0.0843292298330019	0.0428693442857599	0
-1.04526116408952	0.0553091661999853	0.0883154127984406	0.0414284982539233	0
-1.03992457138397	0.0592368031331408	0.0922319385026421	0.0400068900887195	0
-1.03529561081566	0.0609548280046076	0.0953672197625456	0.0388177568645295	0
-1.03126349485304	0.0613109036803586	0.0979270022270541	0.0378099735848699	0
-1.02691009832192	0.0626305498863591	0.100560614008267	0.0367790655314712	0
-1.02139510132843	0.0647864597621048	0.103709311740290	0.0355383129545564	0
-1.01493534895893	0.0680271525806531	0.107159384426150	0.0341697738310126	0
-1.01012802436819	0.0687589328729172	0.109552394135961	0.0331695672639484	0
-1.00522423102358	0.0698787559791883	0.111875731128181	0.0321915922070326	0
-0.999144616914713	0.0717550900676980	0.114604423441555	0.0310337895853014	0
-0.992102517197371	0.0745899929338454	0.117573510478807	0.0297626258641596	0
-0.985539099458718	0.0772458169201590	0.120166752788827	0.0286296971093039	0
-0.980067088777417	0.0773348392804577	0.122193494244244	0.0276829228284972	0
-0.974909292503111	0.0777309093123870	0.124017283613413	0.0268223783460953	0
-0.968818986462897	0.0789572751559848	0.126072326168256	0.0258505338603454	0
-0.961316334006479	0.0809591348787774	0.128462338669265	0.0247050465395562	0
-0.953558786051106	0.0838760329886742	0.130783006321241	0.0235821088004156	0
-0.947000383642411	0.0847717265294343	0.132620003649872	0.0226385027447095	0
-0.941399065897562	0.0844470980124654	0.134105168331331	0.0218357177070801	0
-0.935436628887261	0.0850568173325885	0.135618095743827	0.0210203397736012	0
-0.928005858661817	0.0863504184683561	0.137405653999087	0.0200438098699909	0
-0.919457701258023	0.0886279623943915	0.139335537298250	0.0189736251401126	0
-0.913209648726116	0.0886798350529025	0.140655493423609	0.0181861418547434	0
-0.906913138226084	0.0891292650772892	0.141920860494923	0.0174196648464011	0
-0.899206033346484	0.0902043086753002	0.143385099237768	0.0165169935296567	0
-0.890404025744485	0.0921487048205241	0.144949065750664	0.0155324361977484	0
-0.882313919860904	0.0940094042673449	0.146287798304993	0.0146582278502199	0
-0.875656809007724	0.0934650257092504	0.147315264763891	0.0139195059543901	0
-0.869438555584845	0.0932810582630368	0.148224027259812	0.0132510453864218	0
-0.862160552501510	0.0938413917045707	0.149228455941085	0.0125016483567265	0
-0.853287330846150	0.0950505798471859	0.150368195186999	0.0116236063363374	0
-0.844211142484587	0.0971770807136980	0.151442293179763	0.0107703652737131	0
-0.836619059082085	0.0974313627869976	0.152267780714578	0.0100479090854146	0
-0.830189279410124	0.0965769374209805	0.152917513782916	0.00942938479023802	0
-0.823389605147403	0.0966352454796395	0.153560986695266	0.00880735885320103	0
-0.814979494311615	0.0972606638386506	0.154295052613029	0.00806734054786271	0
-0.805387497421969	0.0987939960299315	0.155051685951060	0.00726353081649907	0
-0.798435201619465	0.0983218893236296	0.155545662717545	0.00666552563317139	0
-0.791471407187355	0.0982558155023531	0.155998472801731	0.00608706997565498	0
-0.783002894707070	0.0987162258793476	0.156493985791569	0.00541072634022223	0
-0.773402187236269	0.0999795575384780	0.156984632945037	0.00467978929106247	0
-0.764642449806211	0.101233976569809	0.157368001790173	0.00403395435601477	0
-0.757482144114164	0.100207906520560	0.157636498743521	0.00347848906142763	0
-0.750827225407318	0.0995838474815800	0.157851893843822	0.00297890982129468	0
-0.743076996771288	0.0996400729316545	0.158062164539546	0.00242471827433853	0
-0.733683567558277	0.100251065182111	0.158259619486266	0.00178084094552857	0
-0.724135376312894	0.101783056398606	0.158397348765004	0.00116315182248429	0
-0.716195688823804	0.101556384819478	0.158465404151457	0.000633409044642273	0
-0.709503459096143	0.100305738661259	0.158491204856836	0.000175150655651504	0
-0.702454981750458	0.0999526881424955	0.158486965152738	-0.000278997366265755	0
-0.693777634519381	0.100081079722717	0.158438508731583	-0.000814076484036957	0
-0.683933673071842	0.101062757436161	0.158326721590206	-0.00138761448906270	0
-0.676833850531264	0.100203505537835	0.158211321066485	-0.00182217463248081	0
-0.669749799546002	0.0997575980825851	0.158066321730661	-0.00223873210575816	0
-0.661171183211174	0.0997665376379298	0.157851357029081	-0.00272057824368516	0
-0.651492270227181	0.100531449275649	0.157557747674521	-0.00323406525920896	0
-0.642703175141541	0.101343874949006	0.157245743345520	-0.00368455245063691	0
-0.635547602780995	0.0999678231344683	0.156963693504310	-0.00408357654030681	0
-0.628919463864613	0.0990249544540330	0.156677632234326	-0.00443923531709537	0
-0.621227120129259	0.0987171431749306	0.156315374880091	-0.00482737206944809	0
-0.611941460476924	0.0988978020891536	0.155836130968672	-0.00527247900108830	0
-0.602544169692215	0.100003958666174	0.155304342736321	-0.00569069206274643	0
-0.594759885932552	0.0994341955768307	0.154833055138577	-0.00605759117049399	0
-0.588218955879941	0.0979018841495276	0.154416132859878	-0.00638066917504111	0
-0.581350599225795	0.0972573788595413	0.153953840032685	-0.00669345653447048	0
-0.572923372486709	0.0970349883011658	0.153354171714160	-0.00705630353649967	0
-0.563400471042292	0.0976291620466842	0.152633577079186	-0.00743676427540251	0
-0.556554480376317	0.0964991665245280	0.152092882656001	-0.00773456785306646	0
-0.549743296371600	0.0957886335437832	0.151532259913119	-0.00801590110730045	0
-0.541520964917270	0.0954843863569682	0.150825481796381	-0.00833561092085276	0
-0.532277575875148	0.0959053215532950	0.149991815381060	-0.00866824105816468	0
-0.523913622664853	0.0964143541755064	0.149203570819808	-0.00895663053990179	0
-0.517121919559691	0.0947992162316304	0.148546293979050	-0.00922610107677081	0
-0.510847107739059	0.0936394784514307	0.147919929935006	-0.00946278143452029	0
-0.503584790380391	0.0930851532137904	0.147170920965453	-0.00971388972244875	0
-0.494845761720541	0.0929760189624890	0.146237124913446	-0.00999532533258985	0
-0.486032460830346	0.0937972282972773	0.145258498124919	-0.0102496793527997	0
-0.478751612480104	0.0929992737550224	0.144429459820870	-0.0104831074109280	0
-0.472647068472951	0.0912805991775351	0.143720424871477	-0.0106955930831787	0
-0.466253196846403	0.0904442205962500	0.142957443564844	-0.0108929335092327	0
-0.458429482656760	0.0899922679357012	0.141998110591732	-0.0111154035124530	0
-0.449616830857017	0.0903346846052526	0.140883194618745	-0.0113388717004757	0
-0.443295803866242	0.0890300011457826	0.140068968265727	-0.0115257206487004	0
-0.437021829009264	0.0881497443779717	0.139242652366292	-0.0116975438279492	0
-0.429467741673808	0.0876459960528818	0.138223655336350	-0.0118862169185895	0
-0.421001321906318	0.0878496315295995	0.137050034123489	-0.0120730311791273	0
-0.413362574104623	0.0881686849456511	0.135964687526559	-0.0122310494964198	0
-0.407170430982584	0.0864050192757514	0.135075212074017	-0.0123965449161115	0
-0.401462112860776	0.0851115107449649	0.134239783668310	-0.0125379136782937	0
-0.394871367332758	0.0844062946571509	0.133255032947482	-0.0126794633020304	0
-0.386961822189590	0.0841214655383475	0.132046858018123	-0.0128303420063185	0
-0.379009389729406	0.0847718264277318	0.130801552254547	-0.0129543273602440	0
-0.372452749775218	0.0838385208889233	0.129761345427150	-0.0130818191984120	0
-0.366964221241467	0.0820103412138946	0.128881538405673	-0.0132067046197917	0
-0.361229100968185	0.0810622539533767	0.127944422002319	-0.0133127737637643	0
-0.354228401704055	0.0804781205793506	0.126779146846277	-0.0134245074391936	0
-0.346365429661527	0.0806775626949220	0.125441615421455	-0.0135244569613252	0
-0.340734641021904	0.0792749918325268	0.124475072506412	-0.0136242205531008	0
-0.335157726565262	0.0783007442026743	0.123502586227750	-0.0137102677295280	0
-0.328458795688040	0.0776880243879645	0.122314235366022	-0.0137965376600280	0
-0.320971619106804	0.0777749819154032	0.120959437587298	-0.0138697060013893	0
-0.314233690593041	0.0779939117468609	0.119718766370291	-0.0139263966268703	0
-0.308777532353723	0.0761533058471774	0.118710037189933	-0.0140112749507621	0
-0.303757869230320	0.0747915892277831	0.117768977080659	-0.0140788992946073	0
-0.297975619509994	0.0740107727833861	0.116667255901473	-0.0141358689673496	0
-0.291053718634027	0.0736398659981884	0.115326062209763	-0.0141862255982868	0
-0.284114500695351	0.0742087507974975	0.113955038340875	-0.0142101335981134	0
-0.278401632864393	0.0732126297257962	0.112818058312547	-0.0142565306678843	0
-0.273625047003347	0.0713348647233144	0.111861971518118	-0.0143145154703947	0
-0.268645723879801	0.0703374395357931	0.110849070675440	-0.0143510361079549	0
-0.262581705306468	0.0696967133707207	0.109597036222467	-0.0143786077112308	0
-0.255789769884857	0.0698373816177821	0.108169639630212	-0.0143849716470833	0
-0.250931235158296	0.0683962146462616	0.107144250119234	-0.0144189441051268	0
-0.246129214267579	0.0673863149406231	0.106117554908941	-0.0144403475978176	0
-0.240374420970806	0.0667341894987625	0.104869500019700	-0.0144496544587511	0
-0.233960059524175	0.0667815653338246	0.103455032694417	-0.0144376878938676	0
-0.228201627158638	0.0669690129006133	0.102167207316909	-0.0144187265307729	0
-0.223540742750461	0.0651060098844070	0.101125169980092	-0.0144435930030138	0
-0.219261326203958	0.0637259237371632	0.100157004349649	-0.0144564633807152	0
-0.214343545774373	0.0629266022486388	0.0990282651353263	-0.0144508055323980	0
-0.208471224603676	0.0625373797958786	0.0976607993567452	-0.0144269764529332	0
-0.202601748880014	0.0630921444573815	0.0962701522137286	-0.0143773024292974	0
-0.197774558973323	0.0620877070652001	0.0951222334196139	-0.0143642837161469	0
-0.193741767695784	0.0602052605801313	0.0941605824293155	-0.0143733982844907	0
-0.189548666326180	0.0592051229412559	0.0931453175754343	-0.0143592586729661	0
-0.184454360682169	0.0585641480794263	0.0918952389767116	-0.0143257283892994	0
-0.178765138286384	0.0587085907051551	0.0904764488725934	-0.0142644201675024	0
-0.174697815101701	0.0572727308193144	0.0894613230046792	-0.0142509964357295	0
-0.170686552677579	0.0562702593541914	0.0884482271412424	-0.0142259785831432	0
-0.165891086756696	0.0556299420215622	0.0872210695961363	-0.0141802158792437	0
-0.160561468153318	0.0556942868027315	0.0858359217097279	-0.0141075941299976	0
-0.155788642224700	0.0559004108271738	0.0845798619185181	-0.0140349746544217	0
-0.151924744814316	0.0540547348369754	0.0835670108365695	-0.0140174443506849	0
-0.148384625895628	0.0526924709133299	0.0826286708288580	-0.0139917673064107	0
-0.144327181287959	0.0519159773718145	0.0815379247273617	-0.0139421825254491	0
-0.139495159250570	0.0515573096826253	0.0802210427395672	-0.0138665548654209	0
-0.134681298926830	0.0521463250798450	0.0788868306129665	-0.0137657678802689	0
-0.130724627123154	0.0511725520518788	0.0777892570870368	-0.0137116780089653	0
-0.127420535528895	0.0493174318411234	0.0768723569418275	-0.0136871519305160	0
-0.123995404610535	0.0483477079962026	0.0759067949777658	-0.0136382791926158	0
-0.119845122123826	0.0477463622660728	0.0747213420823677	-0.0135630541955368	0
-0.115225234750951	0.0479386431937815	0.0733803948753007	-0.0134558321632012	0
-0.111922506103606	0.0465388848021991	0.0724239110782664	-0.0134104251892601	0
-0.108673219860261	0.0455739464567069	0.0714717030460550	-0.0133542274944126	0
-0.104799292886119	0.0449810751741280	0.0703214136204561	-0.0132716717394469	0
-0.100507975463497	0.0451015417661926	0.0690270643499715	-0.0131587837466631	0
-0.0966752139529688	0.0453608862392777	0.0678570012551408	-0.0130507822780566	0
-0.0935691933278653	0.0435597667404220	0.0669160765860601	-0.0130054634266397	0
-0.0907302969975832	0.0422400301723138	0.0660463338218770	-0.0129546558555201	0
-0.0874867362816338	0.0415144540440725	0.0650376560933033	-0.0128765978210699	0
-0.0836358147404047	0.0412193726377974	0.0638231766749138	-0.0127676318593471	0
-0.0798141674047110	0.0418751298449312	0.0625963579912273	-0.0126342154732911	0
-0.0766732451205513	0.0409580498440634	0.0615899430030903	-0.0125541117838188	0
-0.0740503056447343	0.0391515198870365	0.0607511291009645	-0.0125084224748224	0
-0.0713413775130822	0.0382341089733262	0.0598695943805636	-0.0124378428276458	0
-0.0680691804484714	0.0376986022369765	0.0587898384698666	-0.0123367637921403	0
-0.0644409107332137	0.0379674777941242	0.0575717827884163	-0.0122013456133793	0
-0.0618452607566798	0.0366237824246750	0.0567052034393955	-0.0121364786929262	0
-0.0592990352936598	0.0357157784316520	0.0558442608249540	-0.0120614625021380	0
-0.0562732868988709	0.0351931677203239	0.0548065516054305	-0.0119569064011278	0
-0.0529348804449012	0.0353946186286088	0.0536419056154746	-0.0118202152002673	0
-0.0499623998050132	0.0357289319201956	0.0525918585885226	-0.0116915527743491	0
-0.0475482406294092	0.0339893803618355	0.0517494613526235	-0.0116301870821459	0
-0.0453481503018097	0.0327274992128686	0.0509722774196848	-0.0115650133063358	0
-0.0428444300486049	0.0320701386040128	0.0500727005948336	-0.0114708565504118	0
-0.0398830868052059	0.0318587972851374	0.0489921062858663	-0.0113433002239582	0
-0.0369585937349135	0.0326009080753579	0.0479033023529370	-0.0111919829807940	0
-0.0345533988549365	0.0317560689152036	0.0470123105680302	-0.0110978351511960	0
-0.0325435082322002	0.0300107158072258	0.0462712181141188	-0.0110408815032339	0
-0.0304779204318881	0.0291584654712993	0.0454937449845576	-0.0109589096390826	0
-0.0279927303533237	0.0287040110204199	0.0445433977251824	-0.0108444923939121	0
-0.0252509214061815	0.0290659520393849	0.0434738894047469	-0.0106948404225909	0
-0.0232858822292583	0.0277896066880542	0.0427147850564952	-0.0106203587333172	0
-0.0213654627394128	0.0269493835332185	0.0419619835388085	-0.0105362221867473	0
-0.0190930758293765	0.0265096206698100	0.0410564261445040	-0.0104212451245933	0
-0.0165989529758498	0.0268055496337328	0.0400424475894935	-0.0102736031257183	0
-0.0143867792101556	0.0272264264777993	0.0391304143935946	-0.0101357406547547	0
-0.0125827698588616	0.0255573640681541	0.0384003808181406	-0.0100674476196075	0
-0.0109450043981519	0.0243612563267965	0.0377280264331025	-0.00999625057683408	0
-0.00909130542574374	0.0237808989404143	0.0369511570981914	-0.00989556496608496	0
-0.00690977875505361	0.0236633204681531	0.0360199490896885	-0.00976079346220576	0
-0.00476979272671476	0.0245012918703783	0.0350838428164346	-0.00960290194337520	0
-0.00300648405133020	0.0237360392112500	0.0343196026008136	-0.00950388944479994	0
-0.00153044078184928	0.0220576732218064	0.0336851800632618	-0.00944324514170112	0
-2.40919833406257e-05	0.0212763768845863	0.0330206786286561	-0.00935775540648410	0
0.00177834942040566	0.0209096378930298	0.0322099695500779	-0.00923953012640414	0
0.00375294857734687	0.0213715895096479	0.0312996453880191	-0.00908624331062394	0
0.00517338519993017	0.0201671726158661	0.0306550102351890	-0.00900959907459964	0
0.00655432065137622	0.0193989752668792	0.0300168186634239	-0.00892366534650060	0
0.00817854736576045	0.0190467745920314	0.0292505746213460	-0.00880698734031620	0
0.00994795918228363	0.0194419488910753	0.0283944735226387	-0.00865804207277744	0
0.0115090274269307	0.0199532133822307	0.0276262055522644	-0.00851955398033564	0
0.0127915701309813	0.0183573858708600	0.0270126403431450	-0.00845113641646413	0
0.0139495735333518	0.0172293260623200	0.0264484937399967	-0.00838012373953193	0
0.0145020548341717	0.0167685106537868	0.0261761808250862	-0.00834376689733929	0
25.0014399019314	0.00506045281082622	0.00743674754037185	0.0246673622812025	1
25.0059559586640	0.0134968287864663	0.0218770778804748	0.0316646018713993	1
25.0152102652961	0.0236605914597617	0.0383083772647150	0.0336541764335127	1
25.0296943261426	0.0343155141964763	0.0553057829417519	0.0342198862233855	1
25.0495478940975	0.0451100919436448	0.0724641536200720	0.0343807384841914	1
25.0748107060881	0.0559443787864778	0.0896682926142858	0.0344264747437887	1
25.1054940607959	0.0667899563969916	0.106885445237071	0.0344394792575673	1
25.1416011708548	0.0776387443912395	0.124106298116799	0.0344431769228356	1
25.1831329497355	0.0884884452165732	0.141328203116721	0.0344442283061221	1
25.2300896571718	0.0993384055936178	0.158550407273412	0.0344445272533591	1
25.2824713670155	0.110188439770834	0.175772696491459	0.0344446122551388	1
25.3402781002655	0.121038494932174	0.192995009895602	0.0344446364242953	1
25.4035098628925	0.131888556060079	0.210217330176750	0.0344446432964823	1
25.4721666565942	0.142738618884499	0.227439652413284	0.0344446452504997	1
25.5462484818533	0.153588682191301	0.244661975205808	0.0344446458060993	1
25.6257553388072	0.164438745635262	0.261884298156419	0.0344446459640769	1
25.7106872274948	0.175288809118222	0.279106621151981	0.0344446460089958	1
25.8010441479272	0.186138872612272	0.296328944160324	0.0344446460217679	1
25.8968261001076	0.196988936109474	0.313551267172302	0.0344446460253995	1
25.9980330840368	0.207838999607573	0.330773590185312	0.0344446460264320	1
26.1046650997152	0.218689063105927	0.347995913198616	0.0344446460267257	1
26.2167221471427	0.229539126604354	0.365218236212004	0.0344446460268091	1
26.0568345045477	-0.734410799763514	-1.05010741582609	-4.71725355187000	1
24.7694509993452	-4.24772596008966	-6.60536025715666	-15.3221655790057	1
22.0404423994358	-7.18143184193525	-11.9698078049270	-7.70844694200391	1
18.1130789815009	-8.50079203527278	-13.8468210479590	-1.14717479952985	1
13.9208454282495	-8.20340512437846	-13.1521410840182	3.06216138764665	1
10.3747351138214	-6.04590357402867	-9.67533283052036	9.51768959889328	1
8.15174459269426	-2.73595936196587	-4.16292024391136	12.0197481388334	1
7.52182629504848	0.369755317649357	0.961476133648785	9.08363099580238	1
8.22066508862855	2.46222539663349	4.23922060417995	4.88962403564573	1
9.64764191795850	3.25010213133680	5.38656505414632	0.584352412461697	1
11.1728237333149	2.83168097472919	4.59638376223511	-3.00745216482101	1
12.2913017168648	1.59670604153856	2.50563240594272	-4.95598470308018	1
12.7146918512650	0.0487574993869762	-0.0421696068219100	-5.18829774524229	1
12.3960643238818	-1.35997542628905	-2.31548934393533	-4.12421241858056	1
11.4809343072980	-2.32189747512017	-3.83340768616299	-2.31875227462757	1
10.2239675461064	-2.71037024128016	-4.40771365804486	-0.377399168041129	1
8.90298276418012	-2.56412285774107	-4.11798062577584	1.21029486663809	1
7.74862446352946	-2.03592394475203	-3.22422754448544	2.16820397532693	1
6.90214184845471	-1.33037746926957	-2.06312846696208	2.42397225104885	1
6.40400261518647	-0.645260935920435	-0.954686506299957	2.08062039789232	1
6.20837514157169	-0.126510030438812	-0.130875121689985	1.36237017303544	1
6.21438314357773	0.154031554553938	0.299077154090980	0.528763103439787	1
6.30285724771931	0.197137402561907	0.343901458243688	-0.199822412919153	1
6.36829511474045	0.0578648353333523	0.0984860728433294	-0.682736433815942	1
6.33966169350803	-0.180627384761008	-0.299413824831665	-0.870437204956030	1
6.18808266052726	-0.433142838914197	-0.711378954166009	-0.793379468284938	1
5.92295765875322	-0.632515334357123	-1.03027611263021	-0.535315069830525	1
5.58025096325960	-0.740558975466063	-1.19710563790317	-0.200772809099806	1
5.20758165435015	-0.749659466703293	-1.20262291249732	0.114033852636819	1
4.85031982160527	-0.676992440186586	-1.07720241109095	0.341047798183945	1
4.54161477383938	-0.554516823510120	-0.874180115575937	0.448931764023245	1
4.29766427124472	-0.418040507385527	-0.652030888020971	0.441289470768072	1
4.11802608285557	-0.298062805217335	-0.459696100739427	0.347383687519546	1
3.98967419022743	-0.214059821936662	-0.327658417135007	0.209182220455918	1
3.89295804723620	-0.172695475190119	-0.265434098451918	0.0685997655847718	1
3.80763169563275	-0.169414455432765	-0.264499599987462	-0.0421263561914438	1
3.71755026268772	-0.192222108207547	-0.304645640550548	-0.105466393859201	1
3.61328145834626	-0.226246399786758	-0.361457019983436	-0.119018166339774	1
3.49254311194491	-0.257843677729495	-0.412926682356659	-0.0923570418129061	1
3.35889821194038	-0.277418693906585	-0.443900127794681	-0.0419121317509733	1
3.21943261718499	-0.280627459399471	-0.447862921576068	0.0144733922725722	1
3.08219619944089	-0.268083213210378	-0.426312192316994	0.0619743120268585	1
2.95405138862006	-0.243998801143873	-0.386446807269034	0.0914414622991789	1
2.83932247443035	-0.214335826012117	-0.338115266783613	0.100112854753323	1
2.73935973212276	-0.185004461874005	-0.290900745236680	0.0906897534711559	1
2.65289517593920	-0.160513893333457	-0.251977429785988	0.0693860626538152	1
2.57691538855263	-0.143273003689493	-0.225041770845572	0.0436469280102665	1
2.50772516792577	-0.133543435209409	-0.210302198644020	0.0201399734000583	1
2.44191136667556	-0.129897033912880	-0.205272109134051	0.00341372392844384	1
2.37700992209060	-0.129949972813180	-0.205988690520853	-0.00463123072432348	1
2.31179511852496	-0.131137775402356	-0.208274291015764	-0.00453480069152998	1
2.24621650724460	-0.131343451856292	-0.208740547692268	0.00143954843682484	1
2.18108357139706	-0.129270353450982	-0.205367457289213	0.0102428003847971	1
2.11763175922986	-0.124536282593335	-0.197627904937078	0.0189305147218767	1
2.05709823354717	-0.117535041873715	-0.186239600009139	0.0253125537863080	1
2.00040225491682	-0.109153709330291	-0.172691888241843	0.0282718839864510	1
1.94797804222636	-0.100445560397467	-0.158710697089117	0.0277597329760026	1
1.89976134415809	-0.0923444647337709	-0.145799417068999	0.0245467764766340	1
1.85529538342975	-0.0854762252065023	-0.134942637117185	0.0198467019069324	1
1.81390277532962	-0.0800866302912081	-0.126501200620168	0.0149294315604823	1
1.77486784252816	-0.0760744039327820	-0.120276235859891	0.0108153218907383	1
1.73758485210011	-0.0730960253478450	-0.115686443313982	0.00810088997401558	1
1.70164632123774	-0.0707009040319046	-0.111990439481354	0.00692416936417761	1
1.66686557783519	-0.0684584928360913	-0.108492150455422	0.00704379997951926	1
1.63324427637995	-0.0660500902650862	-0.104686176940569	0.00798610542343159	1
1.60090562206364	-0.0633127999720341	-0.100324284901290	0.00920989503577859	1
1.57001690477089	-0.0602371415322821	-0.0954068594394059	0.0102468459403909	1
1.54072168203919	-0.0569300896464009	-0.0901194631295568	0.0107911411791363	1
1.51309480623931	-0.0535604072344984	-0.0847423703661135	0.0107300626503138	1
1.48712504761969	-0.0503031177133635	-0.0795604030612905	0.0101228238289872	1
1.46272257492270	-0.0472960801591309	-0.0747937054964006	0.00914503359610409	1
1.43974350854712	-0.0446157115816047	-0.0705602895773161	0.00801987119570454	1
1.41802172520516	-0.0422727947042790	-0.0668712581003744	0.00695500931955099	1
1.39739880652750	-0.0402244676988486	-0.0636518853586850	0.00609838343453708	1
1.37774565764249	-0.0383957191415945	-0.0607774448616120	0.00551840849875126	1
1.35897280594894	-0.0367031411028134	-0.0581119709639703	0.00520728366433284	1
1.34102971787475	-0.0350749305993773	-0.0555403283863373	0.00510102260329755	1
1.32389591649769	-0.0334634446698128	-0.0529878305867713	0.00510757039001754	1
25.0058341886747	0.0205039217139055	0.0301321828449118	0.0999471161988256	1
24.8769503651526	-0.462576180027509	-0.671518027480501	-2.39311683465328	1
24.4709661471171	-1.21999685550113	-1.98731883533042	-2.78960650790671	1
23.6593020306462	-2.04370513860278	-3.31947139206108	-2.58195151427992	1
22.4531989673790	-2.78564872742991	-4.49608067908339	-2.20252247605829	1
20.9063062159206	-3.40342229963861	-5.46827073596036	-1.77425171030165	1
19.0843388907052	-3.88496845036936	-6.22214431559448	-1.33209343113034	1
17.0564428761900	-4.22685881252331	-6.75374991554645	-0.885986417166538	1
14.8927395519081	-4.42811857426478	-7.06196397721376	-0.438756631544783	1
12.6636276667985	-4.48847056045833	-7.14646703124197	0.00879239967388998	1
10.4269093076194	-4.45238337865522	-7.07263430049901	0.239284182672580	1
8.21996614321366	-4.37077615096410	-6.93328193559468	0.304751896318032	1
6.05869240637240	-4.27300711312344	-6.77530162611605	0.323366793811627	1
3.94768671964130	-4.17064267362878	-6.61202470156625	0.328659699114165	1
1.88825664185418	-4.06697159111929	-6.44724175303725	0.330164668268643	1
-0.119226039548951	-3.96292898157109	-6.28203058607149	0.330592586779644	1
-2.07465561161892	-3.85878073311545	-6.11669766073261	0.330714259872752	1
-3.97800201624613	-3.75460244760302	-5.95133011497539	0.330748856042831	1
-5.82925670679594	-3.65041562144204	-5.78595272535005	0.330758693016261	1
-7.62841725314333	-3.54622636685812	-5.62057253674815	0.330761490032407	1
-9.37548296431371	-3.44203642178356	-5.45519155229348	0.330762285327766	1
-11.0704536438374	-3.33784628037692	-5.28981034154837	0.330762511459713	1
-12.7133292358507	-3.23365608314579	-5.12442906646049	0.330762575757407	1
-14.3041097244697	-3.12946587004169	-4.95904777307758	0.330762594039625	1
-15.8427951051777	-3.02527565242431	-4.79366647449272	0.330762599237937	1
-17.3293853766907	-2.92108543352364	-4.62828517442875	0.330762600716010	1
-18.7638805386436	-2.81689521425809	-4.46290387394421	0.330762601136281	1
-20.1462805909324	-2.71270499488878	-4.29752257334010	0.330762601255779	1
-21.4765855335277	-2.60851477548998	-4.13214127270198	0.330762601289757	1
-22.7547953664210	-2.50432455608278	-3.96675997205419	0.330762601299418	1
-23.9809100896101	-2.40013433667320	-3.80137867140365	0.330762601302165	1
-25.1549297030941	-2.29594411726295	-3.63599737075233	0.330762601302946	1
-26.2768542068730	-2.19175389785250	-3.47061607010079	0.330762601303169	1
-27.3466836009466	-2.08756367844199	-3.30523476944918	0.330762601303232	1
-28.3644178853150	-1.98337345903147	-3.13985346879756	0.330762601303250	1
-29.3300570599781	-1.87918323962095	-2.97447216814594	0.330762601303255	1
-30.2436011249359	-1.77499302021042	-2.80909086749431	0.330762601303256	1
-31.1050500801885	-1.67080280079989	-2.64370956684268	0.330762601303257	1
-31.9144039257358	-1.56661258138937	-2.47832826619105	0.330762601303257	1
-32.6716626615779	-1.46242236197884	-2.31294696553942	0.330762601303257	1
-33.3768262877147	-1.35823214256832	-2.14756566488779	0.330762601303257	1
-34.0298948041462	-1.25404192315779	-1.98218436423616	0.330762601303257	1
-34.6308682108725	-1.14985170374726	-1.81680306358453	0.330762601303257	1
-35.1797465078935	-1.04566148433674	-1.65142176293290	0.330762601303257	1
-35.6765296952092	-0.941471264926211	-1.48604046228128	0.330762601303257	1
-36.1212177728197	-0.837281045515685	-1.32065916162965	0.330762601303257	1
-36.5138107407249	-0.733090826105159	-1.15527786097802	0.330762601303257	1
-36.8543085989248	-0.628900606694633	-0.989896560326389	0.330762601303257	1
-37.1427113474195	-0.524710387284107	-0.824515259674761	0.330762601303257	1
-37.3790189862090	-0.420520167873581	-0.659133959023132	0.330762601303257	1
-37.5632315152931	-0.316329948463055	-0.493752658371504	0.330762601303257	1
-37.6953489346720	-0.212139729052529	-0.328371357719875	0.330762601303257	1
-37.7753712443457	-0.107949509642003	-0.162990057068247	0.330762601303257	1
-37.8032984443140	-0.00375929023147734	0.00239124358338194	0.330762601303257	1
-37.7791305345771	0.100430929179049	0.167772544235010	0.330762601303257	1
-37.7028675151350	0.204621148589574	0.333153844886639	0.330762601303257	1
-37.5745093859876	0.308811368000100	0.498535145538267	0.330762601303257	1
-37.3940561471349	0.413001587410626	0.663916446189896	0.330762601303257	1
-37.1615077985769	0.517191806821152	0.829297746841524	0.330762601303257	1
-36.8768643403137	0.621382026231678	0.994679047493152	0.330762601303257	1
-36.5401257723453	0.725572245642203	1.16006034814478	0.330762601303257	1
-36.1512920946715	0.829762465052729	1.32544164879641	0.330762601303257	1
-35.7103633072925	0.933952684463255	1.49082294944804	0.330762601303257	1
-35.2173394102083	1.03814290387378	1.65620425009966	0.330762601303257	1
-34.6722204034188	1.14233312328431	1.82158555075129	0.330762601303257	1
-34.0750062869240	1.24652334269483	1.98696685140292	0.330762601303257	1
-33.4256970607240	1.35071356210536	2.15234815205455	0.330762601303257	1
-32.7242927248186	1.45490378151588	2.31772945270618	0.330762601303257	1
-31.9707932792081	1.55909400092641	2.48311075335780	0.330762601303257	1
-31.1651987238922	1.66328422033693	2.64849205400943	0.330762601303257	1
-30.3075090588711	1.76747443974746	2.81387335466106	0.330762601303257	1
-29.3977242841448	1.87166465915799	2.97925465531269	0.330762601303257	1
-28.4358443997131	1.97585487856851	3.14463595596432	0.330762601303257	1
-27.4218694055763	2.08004509797904	3.31001725661594	0.330762601303257	1
-26.3557993017341	2.18423531738956	3.47539855726757	0.330762601303257	1
-25.2376340881867	2.28842553680009	3.64077985791920	0.330762601303257	1
-24.0673737649340	2.39261575621061	3.80616115857083	0.330762601303257	1
-22.8450183319761	2.49680597562114	3.97154245922245	0.330762601303257	1
-21.5794694305082	2.56971188724367	4.09094892171397	0.178266098960196	1
-20.2917446929971	2.58343254898486	4.11075155444835	-0.0517590324330472	1
-19.0130844804575	2.53077276499708	4.02092401699108	-0.263961137812700	1
-17.7743687960561	2.42252135765822	3.84234361279481	-0.418613178825166	1
-16.5987999899353	2.27785161206156	3.60714018045325	-0.504571961597316	1
-15.4996702702217	2.11690335603445	3.34796874973812	-0.527444109345266	1
-14.4810177618538	1.95638537559551	3.09146764630653	-0.503501436789455	1
-13.5398470015337	1.80751987064752	2.85512074257387	-0.452398375543411	1
-12.6689274221281	1.67587099909283	2.64721316869961	-0.391706054425577	1
-11.8593773246786	1.56239975994670	2.46870890270349	-0.334137403614715	1
-11.1025852431310	1.46504390773720	2.31587975805904	-0.286883055271614	1
-10.3913390146630	1.38028744772497	2.18284710680113	-0.252338910964767	1
-9.72024724767553	1.30440215606942	2.06355095146784	-0.229527054076025	1
-9.08564866298329	1.23423851337134	1.95297239385730	-0.215636829711765	1
-8.48523117117188	1.16758546723700	1.84765980196049	-0.207319726857270	1
-7.91755269525812	1.10319893871389	1.74573140372253	-0.201573300614580	1
-7.38159866775892	1.04062611525491	1.64656378976430	-0.196200795423770	1
-6.87644965824967	0.979942725788124	1.55035490218039	-0.189924652627344	1
-6.40108102244905	0.921490878293334	1.45769947678607	-0.182270326217071	1
-5.95428122829483	0.865669725546252	1.36925694009132	-0.173336030085249	1
-5.53465711413430	0.812799644283314	1.28554110018912	-0.163540324992171	1
-5.14068967929670	0.763057603576917	1.20682483250808	-0.153406885452624	1
25.0049301241924	0.0173266389066415	0.0254629069944513	0.0844593349653078	1
24.8971161210118	-0.387036578976553	-0.561788776687755	-2.00346963985103	1
24.5401247643464	-1.08167247279050	-1.75235298115999	-2.63061899505703	1
23.8238203262134	-1.81203314273605	-2.95196029105346	-2.24708400819353	1
22.7788449376726	-2.37833508267677	-3.84999903747722	-1.49895093907062	1
21.5085229456643	-2.70526763670817	-4.35182395330319	-0.677214444498094	1
20.1318645741082	-2.79846015864641	-4.47630130087196	0.0333641152123213	1
18.7539336706645	-2.70750967981996	-4.30889530002331	0.533584868584962	1
17.4506102185981	-2.49943386340344	-3.96043497089673	0.804668063611844	1
16.2646438882107	-2.23896102858556	-3.53540227365836	0.880063914791732	1
15.2097399152205	-1.97678385337382	-3.11402206633022	0.818226230280390	1
14.2787399984703	-1.74508352104782	-2.74600282528457	0.681895679933331	1
13.4527068140443	-1.55839970871139	-2.45260411095165	0.524124387179336	1
12.7087863420112	-1.41766092706169	-2.23355827852740	0.381379729257995	1
12.0257613346357	-1.31536308124193	-2.07561148070570	0.272716962509565	1
11.3870902396426	-1.24039044139968	-1.96029218638210	0.202888683784850	1
10.7818213181903	-1.18163158003050	-1.86961333952793	0.167152873129947	1
10.2040515419882	-1.13013629544550	-1.78937431470774	0.156068932911908	1
9.65162613652143	-1.07996788609888	-1.71036823484056	0.159287418710223	1
9.12464549006115	-1.02811085342300	-1.62810663808994	0.167972082000176	1
8.62415373753470	-0.973838208853581	-1.54172273062131	0.175929071687988	1
8.15119419817484	-0.917885059859005	-1.45260722251676	0.179749887403087	1
7.70626830980773	-0.861671427777127	-1.36315633938174	0.178344782853450	1
7.28913982426168	-0.806707904729551	-1.27583372930764	0.172208595464577	1
6.89888154949870	-0.754226944068510	-1.19260343208789	0.162673280194212	1
6.53405593036540	-0.705020549149319	-1.11469450107951	0.151300017094742	1
6.19293867161380	-0.659432245111032	-1.04260851803395	0.139473883988676	1
5.87372312591957	-0.617442033677717	-0.976269519701850	0.128198460675433	1
5.57467234378959	-0.578789687296877	-0.915228737491635	0.118049342720357	1
5.29420948804379	-0.543096465400978	-0.858861471337565	0.109230903825924	1
5.03095324504795	-0.509961929633222	-0.806520539673107	0.101682994332153	1
4.78371299030438	-0.479026952278216	-0.757633804959174	0.0951962009400531	1
4.55146037287124	-0.450004293231876	-0.711749371577849	0.0895095225193212	1
4.33329183707160	-0.422683928278504	-0.668540860307046	0.0843784701397552	1
4.12839248008363	-0.396922332149080	-0.627787930372909	0.0796123159090896	1
3.93600716701521	-0.372624306651059	-0.589345875906089	0.0750857931703553	1
3.75542101586971	-0.349723896329186	-0.553114616501080	0.0707333919865712	1
3.58594869745338	-0.328168441127189	-0.519013305837468	0.0665344738108327	1
3.42693052564806	-0.307907548455599	-0.486963141985079	0.0624958649550732	1
3.27773283970465	-0.288887077971223	-0.456878305303992	0.0586363585518809	1
3.13775038794755	-0.271047215458003	-0.428663393138248	0.0549753708328873	1
3.00640899224785	-0.254323291733475	-0.402215119219601	0.0515262664773631	1
2.88316744524224	-0.238648016888580	-0.377426126951153	0.0482937438903657	1
2.76751819400760	-0.223954068711388	-0.354189234406881	0.0452741265342455	1
2.65898680601686	-0.210176340521440	-0.332401035027885	0.0424573093481068	1
2.55713047447631	-0.197253506140957	-0.311964346866353	0.0398292970333104	1
2.46153592337019	-0.185128835144018	-0.292789438819266	0.0373745895497678	1
2.37181706211565	-0.173750367472446	-0.274794233907269	0.0350780043561842	1
2.28761266413257	-0.163070639227695	-0.257903811152233	0.0329258028035428	1
2.20858424427235	-0.153046162867510	-0.242049536592103	0.0309061782948145	1
2.13441421608097	-0.143636831994883	-0.227168094574642	0.0290092653650955	1
2.06480433749084	-0.134805368044009	-0.213200602206463	0.0272268576939623	1
1.99947440811416	-0.126516871877495	-0.200091901755354	0.0255520034117518	1
1.93816116076655	-0.118738498751220	-0.187790054976713	0.0239786017603684	1
1.88061728808505	-0.111439245052515	-0.176246016598411	0.0225010744231540	1
1.82661055485400	-0.104589819582889	-0.165413440824873	0.0211141407569792	1
1.77592296134908	-0.0981625681529613	-0.155248569770377	0.0198126940817660	1
1.72834993781745	-0.0921314238779299	-0.145710159625719	0.0185917580204138	1
1.68369956222289	-0.0864718630512256	-0.136759412978829	0.0174464948667379	1
1.64179180143752	-0.0811608547504691	-0.128359899233248	0.0163722395744488	1
1.60245778022628	-0.0761767994871459	-0.120477456492208	0.0153645388639033	1
1.56553908345394	-0.0714994573007439	-0.113080076245586	0.0144191825152686	1
1.53088709602183	-0.0671098685752101	-0.106137776558349	0.0135322208996779	1
1.49836238313730	-0.0629902718673557	-0.0996224708471016	0.0126999680640787	1
1.46783411143521	-0.0591240227405878	-0.0935078386804969	0.0119189929812612	1
1.43917950971195	-0.0554955165909459	-0.0877692033125997	0.0111861029739947	1
1.41228336683684	-0.0520901172241664	-0.0823834186406517	0.0104983233665189	1
1.38703756379976	-0.0488940918258553	-0.0773287664852967	0.00985287664297179	1
1.36334063673887	-0.0458945521327678	-0.0725848637793385	0.00924716330474515	1
1.34109736801275	-0.0430794011151827	-0.0681325784876945	0.00867874551516409	1
1.32021840277703	-0.0404372842836012	-0.0639539528021794	0.00814533373989639	1
1.30061988896712	-0.0379575447492598	-0.0600321322111872	0.00764477605833166	1
1.28222313898940	-0.0356301813128161	-0.0563512992936762	0.00717504953253926	1
1.26495431173792	-0.0334458090552498	-0.0528966114162732	0.00673425294494122	1
1.24874411377120	-0.0313956220909784	-0.0496541418145941	0.00632060035563103	1
1.23352751861624	-0.0294713582944353	-0.0466108237761213	0.00593241505732751	1
1.21924350323704	-0.0276652659088069	-0.0437543977950273	0.00556812369824746	1
1.20583480073678	-0.0259700719996969	-0.0410733616485127	0.00522625046159220	1
1.19324766837861	-0.0243789527277840	-0.0385569233595464	0.00490541132418105	1
1.18143167002372	-0.0228855054079135	-0.0361949569941965	0.00460430843483470	1
1.17033947210712	-0.0214837223017187	-0.0339779612095076	0.00432172469269029	1
1.15992665230267	-0.0201679660698560	-0.0318970204322166	0.00405651859096233	1
1.15015152006972	-0.0189329467945168	-0.0299437685241822	0.00380761936399722	1
1.14097494832127	-0.0177737004716325	-0.0281103547737291	0.00357402246799389	1
1.13236021550376	-0.0166855688719624	-0.0263894120509981	0.00335478537906274	1
1.12427285742861	-0.0156641806727174	-0.0247740269717499	0.00314902369828586	1
1.11668052824325	-0.0147054337674635	-0.0232577119231350	0.00295590754050855	1
1.10955286997275	-0.0138054786726642	-0.0218343788219919	0.00277465816562665	1
1.10286139010267	-0.0129607029560498	-0.0204983144886292	0.00260454483842155	1
1.09657934670832	-0.0121677166214340	-0.0192441575321702	0.00244488188258627	1
1.09068164066756	-0.0114233383899367	-0.0180668766535979	0.00229502591821370	1
1.08514471452200	-0.0107245828240422	-0.0169617502814618	0.00215437326053867	1
1.07994645757829	-0.0100686482436960	-0.0159243474606309	0.00202235747657307	1
1.07506611686490	-0.00945290538747908	-0.0149505099193807	0.00189844708558832	1
1.07048421358307	-0.00887488677463225	-0.0140363352451264	0.00178214339602084	1
1.06618246471235	-0.00833227672495024	-0.0131781611009183	0.00167297847771272	1
1.06214370945145	-0.00782290199701485	-0.0123725504196403	0.00157051325420248	1
1.05835184019521	-0.00734472300569511	-0.0116162775147364	0.00147433571887096	1
1.05479173776665	-0.00689582558368822	-0.0109063150509332	0.00138405925705235	1
1.05144921064105	-0.00647441325250070	-0.0102398218209967	0.00129932107734519	1
25.0049399782514	0.0173612704323640	0.0255138008419711	0.0846281476038761	1
24.8969290368674	-0.387744957686192	-0.562815819678128	-2.00715620245045	1
24.5390323636284	-1.08453906555962	-1.75686464471305	-2.63975130417513	1
23.8207779981730	-1.81717814661520	-2.96040798109943	-2.25412832582137	1
22.7728070716977	-2.38519274311263	-3.86112954649759	-1.50321039434740	1
21.4986507558326	-2.71365518708139	-4.36523333350620	-0.681967520496637	1
20.1173007574468	-2.80878937444528	-4.49276284968563	0.0263698114661856	1
18.7335797408307	-2.72035135775706	-4.32941095193766	0.524742311959989	1
17.4231635612599	-2.51501352258161	-3.98538677008974	0.795775469086119	1
16.2288386292833	-2.25688070491437	-3.56412501687597	0.873411417140205	1
15.1646562648733	-1.99603075979865	-3.14483956389221	0.815659415029717	1
14.2240541592955	-1.76426866698372	-2.77663789562899	0.684192560861454	1
13.3887972564596	-1.57609929245238	-2.48074838265415	0.530875700214619	1
12.6366766363093	-1.43272632223336	-2.25737725869427	0.391282670370090	1
11.9469363398494	-1.32711133358610	-2.09404421498666	0.284063258971324	1
11.3032518249763	-1.24864981146999	-1.97311090180542	0.214039411963278	1
10.6946505440897	-1.18666647282250	-1.87728882939090	0.176870141389283	1
10.1150257857253	-1.13250130627722	-1.79283139847740	0.163662036511286	1
9.56191394593297	-1.08034342883390	-1.71071721799887	0.164596135089363	1
9.03507847163241	-1.02716092884238	-1.62641537907163	0.171242915254574	1
8.53525876329358	-0.972113083820208	-1.53886419578468	0.177646310772535	1
8.06326196615830	-0.915774601305265	-1.44918981618115	0.180472271761506	1
7.61943450002432	-0.859402302353465	-1.35952449981349	0.178579987610814	1
7.20346018913184	-0.804371027372860	-1.27211590317118	0.172338742563354	1
6.81438952230157	-0.751819917192379	-1.18878250718758	0.162929514327770	1
6.45079848054869	-0.702491925866763	-1.11067961785086	0.151774692705044	1
6.11099173579387	-0.656718541739039	-1.03829405268302	0.140155106088798	1
5.79319137684326	-0.614492959273473	-0.971574447403952	0.129012427646478	1
5.49567937301120	-0.575580947767932	-0.910115807906551	0.118899429204266	1
5.21688414199133	-0.539632160041412	-0.853339788868508	0.110026969972457	1
4.95541651423944	-0.506269875413430	-0.800637110548613	0.102358679072803	1
4.71006813053353	-0.475150455117014	-0.751459771215059	0.0957151533993393	1
4.47978731326692	-0.445993305415914	-0.705365617927486	0.0898633745720082	1
4.26364568947733	-0.418587580193243	-0.662026093752928	0.0845799662541673	1
4.06080521285563	-0.392783829980418	-0.621210713203693	0.0796867219061905	1
3.87049121357674	-0.368478360808569	-0.582760775203414	0.0750628984155236	1
3.69197364362817	-0.345596289921911	-0.546561768125487	0.0706414503232193	1
3.52455622718542	-0.324077073517578	-0.512520282194615	0.0663965525371495	1
3.36757183625593	-0.303864245975396	-0.480547972441378	0.0623284265903694	1
3.22038192136255	-0.284899574852594	-0.450552697191172	0.0584495302350191	1
3.08237796031984	-0.267120894078610	-0.422435511840896	0.0547742300874322	1
2.95298336199889	-0.250462467962758	-0.396091605557779	0.0513125248172483	1
2.83165484365201	-0.234856721251705	-0.371413292976066	0.0480673635250724	1
2.71788283214929	-0.220236387057433	-0.348293554947856	0.0450345917400934	1
2.61119083840177	-0.206536436331906	-0.326629140028195	0.0422044450256091	1
2.51113399743493	-0.193695459700798	-0.306322734941167	0.0395636542232338	1
2.41729707091041	-0.181656417036696	-0.287284099812341	0.0370974932582415	1
2.32929221132120	-0.170366830336228	-0.269430311961581	0.0347913875487377	1
2.24675672915863	-0.159778574881182	-0.252685379787590	0.0326319441110691	1
2.16935102225383	-0.149847440092469	-0.236979506450019	0.0306074346394956	1
2.09675674619972	-0.140532607732821	-0.222248239200601	0.0287078564935222	1
2.02867524119108	-0.131796152328865	-0.208431668418909	0.0269247275070411	1
1.96482618930256	-0.123602623000086	-0.195473766072451	0.0252507585341300	1
1.90494645607904	-0.115918727424354	-0.183321892014882	0.0236795123112647	1
1.84878906659205	-0.108713111904130	-0.171926454791333	0.0222051155903991	1
1.79612227282343	-0.101956216837876	-0.161240691497583	0.0208220538172900	1
1.74672868082488	-0.0956201822114155	-0.151220524986119	0.0195250498071644	1
1.70040441835118	-0.0896787798067793	-0.141824460992117	0.0183090112540995	1
1.65695833396057	-0.0841073545173951	-0.133013497439056	0.0171690249223999	1
1.61621122576026	-0.0788827638472484	-0.124751029154712	0.0161003757131470	1
1.57799510196835	-0.0739833106585729	-0.117002740819681	0.0150985731511547	1
1.54215247683565	-0.0693886686586061	-0.109736487923189	0.0141593737260807	1
1.50853570506807	-0.0650798027465149	-0.102922169526349	0.0132787933540144	1
1.47700635655080	-0.0610388874195519	-0.0965315981629801	0.0124531086625596	1
1.44743463157411	-0.0572492264008970	-0.0905383719993785	0.0116788486474395	1
1.41969881534628	-0.0536951759468207	-0.0849177531510531	0.0109527797403148	1
1.39368476957299	-0.0503620733603122	-0.0796465545060043	0.0102718874229152	1
1.36928545834162	-0.0472361713348767	-0.0747030359557830	0.00963335712718757	1
1.34640050540708	-0.0443045780569007	-0.0700668098302370	0.00903455628362598	1
1.32493578012055	-0.0415552025602856	-0.0657187546641085	0.00847301850611455	1
1.30480300954869	-0.0389767046202229	-0.0616409361230179	0.00794643025931854	1
1.28591941469170	-0.0365584484589254	-0.0578165339122681	0.00745261979412702	1
1.26820736905093	-0.0342904596297704	-0.0542297736631175	0.00698954792425655	1
1.25159407807751	-0.0321633845952845	-0.0508658630356543	0.00655530011409000	1
1.23601127824026	-0.0301684526593471	-0.0477109315147837	0.00614807943927572	1
1.22139495458976	-0.0282974400405840	-0.0447519735739638	0.00576620005168423	1
1.20768507578090	-0.0265426359590771	-0.0419767950169200	0.00540808094157074	1
1.19482534556676	-0.0248968106611309	-0.0393739623852019	0.00507223987590544	1
1.18276296980948	-0.0233531853261472	-0.0369327553483645	0.00475728749668422	1
1.17144843808236	-0.0219054037958728	-0.0346431219838033	0.00446192162226847	1
1.16083531896779	-0.0205475060623678	-0.0324956368432011	0.00418492175683780	1
1.15088006819251	-0.0192739034328416	-0.0304814616773495	0.00392514388816461	1
1.14154184878415	-0.0180793552801400	-0.0285923086709339	0.00368151558783605	1
1.13278236248036	-0.0169589472824722	-0.0268204060337359	0.00345303142163877	1
1.12456569167107	-0.0159080710513768	-0.0251584657879674	0.00323874868736278	1
1.11685815120302	-0.0149224050539301	-0.0235996536006740	0.00303778343809107	1
1.10962814942252	-0.0139978967375343	-0.0221375605178281	0.00284930679306180	1
1.10284605787553	-0.0131307457748821	-0.0207661764682576	0.00267254149653196	1
1.09648408912392	-0.0123173883537996	-0.0194798654193666	0.00250675870486385	1
1.09051618217240	-0.0115544824442369	-0.0182733420775534	0.00235127497855307	1
1.08491789503301	-0.0108388939802306	-0.0171416500354190	0.00220544946405250	1
1.07966630398407	-0.0101676839004237	-0.0160801412765169	0.00206868124664709	1
1.07473990910715	-0.00953809599429805	-0.0150844569544966	0.00194040686648574	1
1.07011854571183	-0.00894754550543768	-0.0141505093694133	0.00182009798333800	1
1.06578330128081	-0.00839360844580791	-0.0132744650687227	0.00170725918382318	1
1.06171643759129	-0.00787401157695454	-0.0124527290031647	0.00160142592634141	1
1.05790131768915	-0.00738662301711591	-0.0116819296723822	0.00150216261143290	1
1.05432233741271	-0.00692944343544082	-0.0109589051991571	0.00140906077227345	1
1.05096486118192	-0.00650059779625278	-0.0102806902735876	0.00132173738068166	1
1.04781516178645	-0.00609832761895563	-0.00964450391257432	0.00123983325827681	1